"Status","Start Time","Stop Time","Duration in ms","Parent Suite","Suite","Sub Suite","Test Class","Test Method","Name","Description"
"passed","Wed Aug 28 13:50:52 GMT 2024","Wed Aug 28 13:50:52 GMT 2024","59","Surefire suite","Surefire test","com.masterthesisbs.synthetictestsselenium.tests.HealthCheckTest","com.masterthesisbs.synthetictestsselenium.tests.HealthCheckTest","checkHomePage","checkHomePage","Check home page title"
"passed","Wed Aug 28 13:50:52 GMT 2024","Wed Aug 28 13:50:53 GMT 2024","1389","Surefire suite","Surefire test","com.masterthesisbs.synthetictestsselenium.tests.LoginTests","com.masterthesisbs.synthetictestsselenium.tests.LoginTests","loginTestPositive","loginTestPositive","Login test positive scenario"
"passed","Wed Aug 28 13:50:43 GMT 2024","Wed Aug 28 13:50:51 GMT 2024","8041","Surefire suite","Surefire test","com.masterthesisbs.synthetictestsselenium.tests.RegistrationTest","com.masterthesisbs.synthetictestsselenium.tests.RegistrationTest","checkRegistration","checkRegistration","Check registration"
